#  Non-editable header begin --------------------------------------------------------------------------------
# 
#  data format...............: continuous
#  setname...................: ID19_pp_elist
#  filename..................: E_ID19_pp.set
#  filepath..................: D:\shared_git\MaestriaThesis\Raw\ID19\
#  nchan.....................: 19
#  pnts......................: 375000
#  srate.....................: 250
#  nevents...................: 516
#  generated by (bdf)........: 
#  generated by (set)........: ID19_pp_elist
#  reported in ..............: 
#  prog Version..............: 10.02
#  creation date.............: 21-Oct-2023 23:36:34
#  user Account..............: 
# 
#  Non-editable header end --------------------------------------------------------------------------------




# item	 bepoch	  ecode	            label	      onset	          diff	     dura	b_flags	   a_flags	  enable	    bin
#                                                 (sec)           (msec)     (msec)    (binary)   (binary)


1     	0     	     19	     condition19	      2.0000	      0.00	    0.0	    00000000     00000000	   1	[       ]
2     	0     	   1998	              ""	     15.0000	  13000.00	    0.0	    00000000     00000000	   1	[       ]
3     	0     	      4	OVTK_StimulationId_Label_04	     18.0000	   3000.00	    0.0	    00000000     00000000	   1	[       ]
4     	0     	     13	OVTK_StimulationId_Label_13	     20.0000	   2000.00	    0.0	    00000000     00000000	   1	[       ]
5     	0     	      6	OVTK_StimulationId_Label_06	     23.0000	   3000.00	    0.0	    00000000     00000000	   1	[       ]
6     	0     	     13	OVTK_StimulationId_Label_13	     25.0000	   2000.00	    0.0	    00000000     00000000	   1	[       ]
7     	0     	      5	OVTK_StimulationId_Label_05	     28.0000	   3000.00	    0.0	    00000000     00000000	   1	[       ]
8     	0     	     13	OVTK_StimulationId_Label_13	     30.0000	   2000.00	    0.0	    00000000     00000000	   1	[       ]
9     	0     	      7	OVTK_StimulationId_Label_07	     33.0000	   3000.00	    0.0	    00000000     00000000	   1	[       ]
10    	0     	     13	OVTK_StimulationId_Label_13	     35.0000	   2000.00	    0.0	    00000000     00000000	   1	[       ]
11    	0     	   1998	              ""	     43.0000	   8000.00	    0.0	    00000000     00000000	   1	[       ]
12    	0     	      7	OVTK_StimulationId_Label_07	     46.0000	   3000.00	    0.0	    00000000     00000000	   1	[       ]
13    	0     	     13	OVTK_StimulationId_Label_13	     48.0000	   2000.00	    0.0	    00000000     00000000	   1	[       ]
14    	0     	      4	OVTK_StimulationId_Label_04	     51.0000	   3000.00	    0.0	    00000000     00000000	   1	[       ]
15    	0     	     13	OVTK_StimulationId_Label_13	     53.0000	   2000.00	    0.0	    00000000     00000000	   1	[       ]
16    	0     	      5	OVTK_StimulationId_Label_05	     56.0000	   3000.00	    0.0	    00000000     00000000	   1	[       ]
17    	0     	     13	OVTK_StimulationId_Label_13	     58.0000	   2000.00	    0.0	    00000000     00000000	   1	[       ]
18    	0     	      6	OVTK_StimulationId_Label_06	     61.0000	   3000.00	    0.0	    00000000     00000000	   1	[       ]
19    	0     	     13	OVTK_StimulationId_Label_13	     63.0000	   2000.00	    0.0	    00000000     00000000	   1	[       ]
20    	0     	   1998	              ""	     71.0000	   8000.00	    0.0	    00000000     00000000	   1	[       ]
21    	0     	      7	OVTK_StimulationId_Label_07	     74.0000	   3000.00	    0.0	    00000000     00000000	   1	[       ]
22    	0     	     13	OVTK_StimulationId_Label_13	     76.0000	   2000.00	    0.0	    00000000     00000000	   1	[       ]
23    	0     	      5	OVTK_StimulationId_Label_05	     79.0000	   3000.00	    0.0	    00000000     00000000	   1	[       ]
24    	0     	     13	OVTK_StimulationId_Label_13	     81.0000	   2000.00	    0.0	    00000000     00000000	   1	[       ]
25    	0     	      6	OVTK_StimulationId_Label_06	     84.0000	   3000.00	    0.0	    00000000     00000000	   1	[       ]
26    	0     	     13	OVTK_StimulationId_Label_13	     86.0000	   2000.00	    0.0	    00000000     00000000	   1	[       ]
27    	0     	      4	OVTK_StimulationId_Label_04	     89.0000	   3000.00	    0.0	    00000000     00000000	   1	[       ]
28    	0     	     13	OVTK_StimulationId_Label_13	     91.0000	   2000.00	    0.0	    00000000     00000000	   1	[       ]
29    	0     	   1998	              ""	     99.0000	   8000.00	    0.0	    00000000     00000000	   1	[       ]
30    	0     	      5	OVTK_StimulationId_Label_05	    102.0000	   3000.00	    0.0	    00000000     00000000	   1	[       ]
31    	0     	     13	OVTK_StimulationId_Label_13	    104.0000	   2000.00	    0.0	    00000000     00000000	   1	[       ]
32    	0     	      6	OVTK_StimulationId_Label_06	    107.0000	   3000.00	    0.0	    00000000     00000000	   1	[       ]
33    	0     	     13	OVTK_StimulationId_Label_13	    109.0000	   2000.00	    0.0	    00000000     00000000	   1	[       ]
34    	0     	      4	OVTK_StimulationId_Label_04	    112.0000	   3000.00	    0.0	    00000000     00000000	   1	[       ]
35    	0     	     13	OVTK_StimulationId_Label_13	    114.0000	   2000.00	    0.0	    00000000     00000000	   1	[       ]
36    	0     	      7	OVTK_StimulationId_Label_07	    117.0000	   3000.00	    0.0	    00000000     00000000	   1	[       ]
37    	0     	     13	OVTK_StimulationId_Label_13	    119.0000	   2000.00	    0.0	    00000000     00000000	   1	[       ]
38    	0     	   1998	              ""	    127.0000	   8000.00	    0.0	    00000000     00000000	   1	[       ]
39    	0     	      6	OVTK_StimulationId_Label_06	    130.0000	   3000.00	    0.0	    00000000     00000000	   1	[       ]
40    	0     	     13	OVTK_StimulationId_Label_13	    132.0000	   2000.00	    0.0	    00000000     00000000	   1	[       ]
41    	0     	      4	OVTK_StimulationId_Label_04	    135.0000	   3000.00	    0.0	    00000000     00000000	   1	[       ]
42    	0     	     13	OVTK_StimulationId_Label_13	    137.0000	   2000.00	    0.0	    00000000     00000000	   1	[       ]
43    	0     	      7	OVTK_StimulationId_Label_07	    140.0000	   3000.00	    0.0	    00000000     00000000	   1	[       ]
44    	0     	     13	OVTK_StimulationId_Label_13	    142.0000	   2000.00	    0.0	    00000000     00000000	   1	[       ]
45    	0     	      5	OVTK_StimulationId_Label_05	    145.0000	   3000.00	    0.0	    00000000     00000000	   1	[       ]
46    	0     	     13	OVTK_StimulationId_Label_13	    147.0000	   2000.00	    0.0	    00000000     00000000	   1	[       ]
47    	0     	   1998	              ""	    155.0000	   8000.00	    0.0	    00000000     00000000	   1	[       ]
48    	0     	      6	OVTK_StimulationId_Label_06	    158.0000	   3000.00	    0.0	    00000000     00000000	   1	[       ]
49    	0     	     13	OVTK_StimulationId_Label_13	    160.0000	   2000.00	    0.0	    00000000     00000000	   1	[       ]
50    	0     	      7	OVTK_StimulationId_Label_07	    163.0000	   3000.00	    0.0	    00000000     00000000	   1	[       ]
51    	0     	     13	OVTK_StimulationId_Label_13	    165.0000	   2000.00	    0.0	    00000000     00000000	   1	[       ]
52    	0     	      5	OVTK_StimulationId_Label_05	    168.0000	   3000.00	    0.0	    00000000     00000000	   1	[       ]
53    	0     	     13	OVTK_StimulationId_Label_13	    170.0000	   2000.00	    0.0	    00000000     00000000	   1	[       ]
54    	0     	      4	OVTK_StimulationId_Label_04	    173.0000	   3000.00	    0.0	    00000000     00000000	   1	[       ]
55    	0     	     13	OVTK_StimulationId_Label_13	    175.0000	   2000.00	    0.0	    00000000     00000000	   1	[       ]
56    	0     	   1998	              ""	    183.0000	   8000.00	    0.0	    00000000     00000000	   1	[       ]
57    	0     	      5	OVTK_StimulationId_Label_05	    186.0000	   3000.00	    0.0	    00000000     00000000	   1	[       ]
58    	0     	     13	OVTK_StimulationId_Label_13	    188.0000	   2000.00	    0.0	    00000000     00000000	   1	[       ]
59    	0     	      4	OVTK_StimulationId_Label_04	    191.0000	   3000.00	    0.0	    00000000     00000000	   1	[       ]
60    	0     	     13	OVTK_StimulationId_Label_13	    193.0000	   2000.00	    0.0	    00000000     00000000	   1	[       ]
61    	0     	      7	OVTK_StimulationId_Label_07	    196.0000	   3000.00	    0.0	    00000000     00000000	   1	[       ]
62    	0     	     13	OVTK_StimulationId_Label_13	    198.0000	   2000.00	    0.0	    00000000     00000000	   1	[       ]
63    	0     	      6	OVTK_StimulationId_Label_06	    201.0000	   3000.00	    0.0	    00000000     00000000	   1	[       ]
64    	0     	     13	OVTK_StimulationId_Label_13	    203.0000	   2000.00	    0.0	    00000000     00000000	   1	[       ]
65    	0     	   1998	              ""	    211.0000	   8000.00	    0.0	    00000000     00000000	   1	[       ]
66    	0     	      5	OVTK_StimulationId_Label_05	    214.0000	   3000.00	    0.0	    00000000     00000000	   1	[       ]
67    	0     	     13	OVTK_StimulationId_Label_13	    216.0000	   2000.00	    0.0	    00000000     00000000	   1	[       ]
68    	0     	      7	OVTK_StimulationId_Label_07	    219.0000	   3000.00	    0.0	    00000000     00000000	   1	[       ]
69    	0     	     13	OVTK_StimulationId_Label_13	    221.0000	   2000.00	    0.0	    00000000     00000000	   1	[       ]
70    	0     	      4	OVTK_StimulationId_Label_04	    224.0000	   3000.00	    0.0	    00000000     00000000	   1	[       ]
71    	0     	     13	OVTK_StimulationId_Label_13	    226.0000	   2000.00	    0.0	    00000000     00000000	   1	[       ]
72    	0     	      6	OVTK_StimulationId_Label_06	    229.0000	   3000.00	    0.0	    00000000     00000000	   1	[       ]
73    	0     	     13	OVTK_StimulationId_Label_13	    231.0000	   2000.00	    0.0	    00000000     00000000	   1	[       ]
74    	0     	   1998	              ""	    239.0000	   8000.00	    0.0	    00000000     00000000	   1	[       ]
75    	0     	      6	OVTK_StimulationId_Label_06	    242.0000	   3000.00	    0.0	    00000000     00000000	   1	[       ]
76    	0     	     13	OVTK_StimulationId_Label_13	    244.0000	   2000.00	    0.0	    00000000     00000000	   1	[       ]
77    	0     	      7	OVTK_StimulationId_Label_07	    247.0000	   3000.00	    0.0	    00000000     00000000	   1	[       ]
78    	0     	     13	OVTK_StimulationId_Label_13	    249.0000	   2000.00	    0.0	    00000000     00000000	   1	[       ]
79    	0     	      4	OVTK_StimulationId_Label_04	    252.0000	   3000.00	    0.0	    00000000     00000000	   1	[       ]
80    	0     	     13	OVTK_StimulationId_Label_13	    254.0000	   2000.00	    0.0	    00000000     00000000	   1	[       ]
81    	0     	      5	OVTK_StimulationId_Label_05	    257.0000	   3000.00	    0.0	    00000000     00000000	   1	[       ]
82    	0     	     13	OVTK_StimulationId_Label_13	    259.0000	   2000.00	    0.0	    00000000     00000000	   1	[       ]
83    	0     	   1998	              ""	    267.0000	   8000.00	    0.0	    00000000     00000000	   1	[       ]
84    	0     	      7	OVTK_StimulationId_Label_07	    270.0000	   3000.00	    0.0	    00000000     00000000	   1	[       ]
85    	0     	     13	OVTK_StimulationId_Label_13	    272.0000	   2000.00	    0.0	    00000000     00000000	   1	[       ]
86    	0     	      4	OVTK_StimulationId_Label_04	    275.0000	   3000.00	    0.0	    00000000     00000000	   1	[       ]
87    	0     	     13	OVTK_StimulationId_Label_13	    277.0000	   2000.00	    0.0	    00000000     00000000	   1	[       ]
88    	0     	      6	OVTK_StimulationId_Label_06	    280.0000	   3000.00	    0.0	    00000000     00000000	   1	[       ]
89    	0     	     13	OVTK_StimulationId_Label_13	    282.0000	   2000.00	    0.0	    00000000     00000000	   1	[       ]
90    	0     	      5	OVTK_StimulationId_Label_05	    285.0000	   3000.00	    0.0	    00000000     00000000	   1	[       ]
91    	0     	     13	OVTK_StimulationId_Label_13	    287.0000	   2000.00	    0.0	    00000000     00000000	   1	[       ]
92    	0     	   1998	              ""	    295.0000	   8000.00	    0.0	    00000000     00000000	   1	[       ]
93    	0     	      4	OVTK_StimulationId_Label_04	    298.0000	   3000.00	    0.0	    00000000     00000000	   1	[       ]
94    	0     	     13	OVTK_StimulationId_Label_13	    300.0000	   2000.00	    0.0	    00000000     00000000	   1	[       ]
95    	0     	      6	OVTK_StimulationId_Label_06	    303.0000	   3000.00	    0.0	    00000000     00000000	   1	[       ]
96    	0     	     13	OVTK_StimulationId_Label_13	    305.0000	   2000.00	    0.0	    00000000     00000000	   1	[       ]
97    	0     	      7	OVTK_StimulationId_Label_07	    308.0000	   3000.00	    0.0	    00000000     00000000	   1	[       ]
98    	0     	     13	OVTK_StimulationId_Label_13	    310.0000	   2000.00	    0.0	    00000000     00000000	   1	[       ]
99    	0     	      5	OVTK_StimulationId_Label_05	    313.0000	   3000.00	    0.0	    00000000     00000000	   1	[       ]
100   	0     	     13	OVTK_StimulationId_Label_13	    315.0000	   2000.00	    0.0	    00000000     00000000	   1	[       ]
101   	0     	   1998	              ""	    323.0000	   8000.00	    0.0	    00000000     00000000	   1	[       ]
102   	0     	      4	OVTK_StimulationId_Label_04	    326.0000	   3000.00	    0.0	    00000000     00000000	   1	[       ]
103   	0     	     13	OVTK_StimulationId_Label_13	    328.0000	   2000.00	    0.0	    00000000     00000000	   1	[       ]
104   	0     	      7	OVTK_StimulationId_Label_07	    331.0000	   3000.00	    0.0	    00000000     00000000	   1	[       ]
105   	0     	     13	OVTK_StimulationId_Label_13	    333.0000	   2000.00	    0.0	    00000000     00000000	   1	[       ]
106   	0     	      6	OVTK_StimulationId_Label_06	    336.0000	   3000.00	    0.0	    00000000     00000000	   1	[       ]
107   	0     	     13	OVTK_StimulationId_Label_13	    338.0000	   2000.00	    0.0	    00000000     00000000	   1	[       ]
108   	0     	      5	OVTK_StimulationId_Label_05	    341.0000	   3000.00	    0.0	    00000000     00000000	   1	[       ]
109   	0     	     13	OVTK_StimulationId_Label_13	    343.0000	   2000.00	    0.0	    00000000     00000000	   1	[       ]
110   	0     	   1998	              ""	    351.0000	   8000.00	    0.0	    00000000     00000000	   1	[       ]
111   	0     	      5	OVTK_StimulationId_Label_05	    354.0000	   3000.00	    0.0	    00000000     00000000	   1	[       ]
112   	0     	     13	OVTK_StimulationId_Label_13	    356.0000	   2000.00	    0.0	    00000000     00000000	   1	[       ]
113   	0     	      6	OVTK_StimulationId_Label_06	    359.0000	   3000.00	    0.0	    00000000     00000000	   1	[       ]
114   	0     	     13	OVTK_StimulationId_Label_13	    361.0000	   2000.00	    0.0	    00000000     00000000	   1	[       ]
115   	0     	      7	OVTK_StimulationId_Label_07	    364.0000	   3000.00	    0.0	    00000000     00000000	   1	[       ]
116   	0     	     13	OVTK_StimulationId_Label_13	    366.0000	   2000.00	    0.0	    00000000     00000000	   1	[       ]
117   	0     	      4	OVTK_StimulationId_Label_04	    369.0000	   3000.00	    0.0	    00000000     00000000	   1	[       ]
118   	0     	     13	OVTK_StimulationId_Label_13	    371.0000	   2000.00	    0.0	    00000000     00000000	   1	[       ]
119   	0     	   1998	              ""	    379.0000	   8000.00	    0.0	    00000000     00000000	   1	[       ]
120   	0     	      7	OVTK_StimulationId_Label_07	    382.0000	   3000.00	    0.0	    00000000     00000000	   1	[       ]
121   	0     	     13	OVTK_StimulationId_Label_13	    384.0000	   2000.00	    0.0	    00000000     00000000	   1	[       ]
122   	0     	      6	OVTK_StimulationId_Label_06	    387.0000	   3000.00	    0.0	    00000000     00000000	   1	[       ]
123   	0     	     13	OVTK_StimulationId_Label_13	    389.0000	   2000.00	    0.0	    00000000     00000000	   1	[       ]
124   	0     	      5	OVTK_StimulationId_Label_05	    392.0000	   3000.00	    0.0	    00000000     00000000	   1	[       ]
125   	0     	     13	OVTK_StimulationId_Label_13	    394.0000	   2000.00	    0.0	    00000000     00000000	   1	[       ]
126   	0     	      4	OVTK_StimulationId_Label_04	    397.0000	   3000.00	    0.0	    00000000     00000000	   1	[       ]
127   	0     	     13	OVTK_StimulationId_Label_13	    399.0000	   2000.00	    0.0	    00000000     00000000	   1	[       ]
128   	0     	   1998	              ""	    407.0000	   8000.00	    0.0	    00000000     00000000	   1	[       ]
129   	0     	      4	OVTK_StimulationId_Label_04	    410.0000	   3000.00	    0.0	    00000000     00000000	   1	[       ]
130   	0     	     13	OVTK_StimulationId_Label_13	    412.0000	   2000.00	    0.0	    00000000     00000000	   1	[       ]
131   	0     	      5	OVTK_StimulationId_Label_05	    415.0000	   3000.00	    0.0	    00000000     00000000	   1	[       ]
132   	0     	     13	OVTK_StimulationId_Label_13	    417.0000	   2000.00	    0.0	    00000000     00000000	   1	[       ]
133   	0     	      7	OVTK_StimulationId_Label_07	    420.0000	   3000.00	    0.0	    00000000     00000000	   1	[       ]
134   	0     	     13	OVTK_StimulationId_Label_13	    422.0000	   2000.00	    0.0	    00000000     00000000	   1	[       ]
135   	0     	      6	OVTK_StimulationId_Label_06	    425.0000	   3000.00	    0.0	    00000000     00000000	   1	[       ]
136   	0     	     13	OVTK_StimulationId_Label_13	    427.0000	   2000.00	    0.0	    00000000     00000000	   1	[       ]
137   	0     	   1998	              ""	    435.0000	   8000.00	    0.0	    00000000     00000000	   1	[       ]
138   	0     	      7	OVTK_StimulationId_Label_07	    438.0000	   3000.00	    0.0	    00000000     00000000	   1	[       ]
139   	0     	     13	OVTK_StimulationId_Label_13	    440.0000	   2000.00	    0.0	    00000000     00000000	   1	[       ]
140   	0     	      6	OVTK_StimulationId_Label_06	    443.0000	   3000.00	    0.0	    00000000     00000000	   1	[       ]
141   	0     	     13	OVTK_StimulationId_Label_13	    445.0000	   2000.00	    0.0	    00000000     00000000	   1	[       ]
142   	0     	      4	OVTK_StimulationId_Label_04	    448.0000	   3000.00	    0.0	    00000000     00000000	   1	[       ]
143   	0     	     13	OVTK_StimulationId_Label_13	    450.0000	   2000.00	    0.0	    00000000     00000000	   1	[       ]
144   	0     	      5	OVTK_StimulationId_Label_05	    453.0000	   3000.00	    0.0	    00000000     00000000	   1	[       ]
145   	0     	     13	OVTK_StimulationId_Label_13	    455.0000	   2000.00	    0.0	    00000000     00000000	   1	[       ]
146   	0     	   1998	              ""	    463.0000	   8000.00	    0.0	    00000000     00000000	   1	[       ]
147   	0     	      7	OVTK_StimulationId_Label_07	    466.0000	   3000.00	    0.0	    00000000     00000000	   1	[       ]
148   	0     	     13	OVTK_StimulationId_Label_13	    468.0000	   2000.00	    0.0	    00000000     00000000	   1	[       ]
149   	0     	      5	OVTK_StimulationId_Label_05	    471.0000	   3000.00	    0.0	    00000000     00000000	   1	[       ]
150   	0     	     13	OVTK_StimulationId_Label_13	    473.0000	   2000.00	    0.0	    00000000     00000000	   1	[       ]
151   	0     	      4	OVTK_StimulationId_Label_04	    476.0000	   3000.00	    0.0	    00000000     00000000	   1	[       ]
152   	0     	     13	OVTK_StimulationId_Label_13	    478.0000	   2000.00	    0.0	    00000000     00000000	   1	[       ]
153   	0     	      6	OVTK_StimulationId_Label_06	    481.0000	   3000.00	    0.0	    00000000     00000000	   1	[       ]
154   	0     	     13	OVTK_StimulationId_Label_13	    483.0000	   2000.00	    0.0	    00000000     00000000	   1	[       ]
155   	0     	   1999	              ""	    491.0000	   8000.00	    0.0	    00000000     00000000	   1	[       ]
156   	0     	      0	OVTK_StimulationId_Label_0A	    493.0000	   2000.00	    0.0	    00000000     00000000	   1	[       ]
157   	0     	     12	OVTK_StimulationId_Label_12	    493.5000	    500.00	    0.0	    00000000     00000000	   1	[       ]
158   	0     	      0	OVTK_StimulationId_Label_0B	    497.0000	   3500.00	    0.0	    00000000     00000000	   1	[       ]
159   	0     	     12	OVTK_StimulationId_Label_12	    497.5000	    500.00	    0.0	    00000000     00000000	   1	[       ]
160   	0     	      8	OVTK_StimulationId_Label_08	    501.0000	   3500.00	    0.0	    00000000     00000000	   1	[       ]
161   	0     	     12	OVTK_StimulationId_Label_12	    501.5000	    500.00	    0.0	    00000000     00000000	   1	[       ]
162   	0     	      9	OVTK_StimulationId_Label_09	    505.0000	   3500.00	    0.0	    00000000     00000000	   1	[       ]
163   	0     	     12	OVTK_StimulationId_Label_12	    505.5000	    500.00	    0.0	    00000000     00000000	   1	[       ]
164   	0     	   1999	              ""	    515.0000	   9500.00	    0.0	    00000000     00000000	   1	[       ]
165   	0     	      9	OVTK_StimulationId_Label_09	    517.0000	   2000.00	    0.0	    00000000     00000000	   1	[       ]
166   	0     	     12	OVTK_StimulationId_Label_12	    517.5000	    500.00	    0.0	    00000000     00000000	   1	[       ]
167   	0     	      0	OVTK_StimulationId_Label_0A	    521.0000	   3500.00	    0.0	    00000000     00000000	   1	[       ]
168   	0     	     12	OVTK_StimulationId_Label_12	    521.5000	    500.00	    0.0	    00000000     00000000	   1	[       ]
169   	0     	      8	OVTK_StimulationId_Label_08	    525.0000	   3500.00	    0.0	    00000000     00000000	   1	[       ]
170   	0     	     12	OVTK_StimulationId_Label_12	    525.5000	    500.00	    0.0	    00000000     00000000	   1	[       ]
171   	0     	      0	OVTK_StimulationId_Label_0B	    529.0000	   3500.00	    0.0	    00000000     00000000	   1	[       ]
172   	0     	     12	OVTK_StimulationId_Label_12	    529.5000	    500.00	    0.0	    00000000     00000000	   1	[       ]
173   	0     	   1999	              ""	    539.0000	   9500.00	    0.0	    00000000     00000000	   1	[       ]
174   	0     	      0	OVTK_StimulationId_Label_0A	    541.0000	   2000.00	    0.0	    00000000     00000000	   1	[       ]
175   	0     	     12	OVTK_StimulationId_Label_12	    541.5000	    500.00	    0.0	    00000000     00000000	   1	[       ]
176   	0     	      9	OVTK_StimulationId_Label_09	    545.0000	   3500.00	    0.0	    00000000     00000000	   1	[       ]
177   	0     	     12	OVTK_StimulationId_Label_12	    545.5000	    500.00	    0.0	    00000000     00000000	   1	[       ]
178   	0     	      8	OVTK_StimulationId_Label_08	    549.0000	   3500.00	    0.0	    00000000     00000000	   1	[       ]
179   	0     	     12	OVTK_StimulationId_Label_12	    549.5000	    500.00	    0.0	    00000000     00000000	   1	[       ]
180   	0     	      0	OVTK_StimulationId_Label_0B	    553.0000	   3500.00	    0.0	    00000000     00000000	   1	[       ]
181   	0     	     12	OVTK_StimulationId_Label_12	    553.5000	    500.00	    0.0	    00000000     00000000	   1	[       ]
182   	0     	   1999	              ""	    563.0000	   9500.00	    0.0	    00000000     00000000	   1	[       ]
183   	0     	      0	OVTK_StimulationId_Label_0A	    565.0000	   2000.00	    0.0	    00000000     00000000	   1	[       ]
184   	0     	     12	OVTK_StimulationId_Label_12	    565.5000	    500.00	    0.0	    00000000     00000000	   1	[       ]
185   	0     	      8	OVTK_StimulationId_Label_08	    569.0000	   3500.00	    0.0	    00000000     00000000	   1	[       ]
186   	0     	     12	OVTK_StimulationId_Label_12	    569.5000	    500.00	    0.0	    00000000     00000000	   1	[       ]
187   	0     	      0	OVTK_StimulationId_Label_0B	    573.0000	   3500.00	    0.0	    00000000     00000000	   1	[       ]
188   	0     	     12	OVTK_StimulationId_Label_12	    573.5000	    500.00	    0.0	    00000000     00000000	   1	[       ]
189   	0     	      9	OVTK_StimulationId_Label_09	    577.0000	   3500.00	    0.0	    00000000     00000000	   1	[       ]
190   	0     	     12	OVTK_StimulationId_Label_12	    577.5000	    500.00	    0.0	    00000000     00000000	   1	[       ]
191   	0     	   1999	              ""	    587.0000	   9500.00	    0.0	    00000000     00000000	   1	[       ]
192   	0     	      0	OVTK_StimulationId_Label_0B	    589.0000	   2000.00	    0.0	    00000000     00000000	   1	[       ]
193   	0     	     12	OVTK_StimulationId_Label_12	    589.5000	    500.00	    0.0	    00000000     00000000	   1	[       ]
194   	0     	      8	OVTK_StimulationId_Label_08	    593.0000	   3500.00	    0.0	    00000000     00000000	   1	[       ]
195   	0     	     12	OVTK_StimulationId_Label_12	    593.5000	    500.00	    0.0	    00000000     00000000	   1	[       ]
196   	0     	      9	OVTK_StimulationId_Label_09	    597.0000	   3500.00	    0.0	    00000000     00000000	   1	[       ]
197   	0     	     12	OVTK_StimulationId_Label_12	    597.5000	    500.00	    0.0	    00000000     00000000	   1	[       ]
198   	0     	      0	OVTK_StimulationId_Label_0A	    601.0000	   3500.00	    0.0	    00000000     00000000	   1	[       ]
199   	0     	     12	OVTK_StimulationId_Label_12	    601.5000	    500.00	    0.0	    00000000     00000000	   1	[       ]
200   	0     	   1999	              ""	    611.0000	   9500.00	    0.0	    00000000     00000000	   1	[       ]
201   	0     	      8	OVTK_StimulationId_Label_08	    613.0000	   2000.00	    0.0	    00000000     00000000	   1	[       ]
202   	0     	     12	OVTK_StimulationId_Label_12	    613.5000	    500.00	    0.0	    00000000     00000000	   1	[       ]
203   	0     	      0	OVTK_StimulationId_Label_0A	    617.0000	   3500.00	    0.0	    00000000     00000000	   1	[       ]
204   	0     	     12	OVTK_StimulationId_Label_12	    617.5000	    500.00	    0.0	    00000000     00000000	   1	[       ]
205   	0     	      0	OVTK_StimulationId_Label_0B	    621.0000	   3500.00	    0.0	    00000000     00000000	   1	[       ]
206   	0     	     12	OVTK_StimulationId_Label_12	    621.5000	    500.00	    0.0	    00000000     00000000	   1	[       ]
207   	0     	      9	OVTK_StimulationId_Label_09	    625.0000	   3500.00	    0.0	    00000000     00000000	   1	[       ]
208   	0     	     12	OVTK_StimulationId_Label_12	    625.5000	    500.00	    0.0	    00000000     00000000	   1	[       ]
209   	0     	   1999	              ""	    635.0000	   9500.00	    0.0	    00000000     00000000	   1	[       ]
210   	0     	      0	OVTK_StimulationId_Label_0A	    637.0000	   2000.00	    0.0	    00000000     00000000	   1	[       ]
211   	0     	     12	OVTK_StimulationId_Label_12	    637.5000	    500.00	    0.0	    00000000     00000000	   1	[       ]
212   	0     	      9	OVTK_StimulationId_Label_09	    641.0000	   3500.00	    0.0	    00000000     00000000	   1	[       ]
213   	0     	     12	OVTK_StimulationId_Label_12	    641.5000	    500.00	    0.0	    00000000     00000000	   1	[       ]
214   	0     	      0	OVTK_StimulationId_Label_0B	    645.0000	   3500.00	    0.0	    00000000     00000000	   1	[       ]
215   	0     	     12	OVTK_StimulationId_Label_12	    645.5000	    500.00	    0.0	    00000000     00000000	   1	[       ]
216   	0     	      8	OVTK_StimulationId_Label_08	    649.0000	   3500.00	    0.0	    00000000     00000000	   1	[       ]
217   	0     	     12	OVTK_StimulationId_Label_12	    649.5000	    500.00	    0.0	    00000000     00000000	   1	[       ]
218   	0     	   1999	              ""	    659.0000	   9500.00	    0.0	    00000000     00000000	   1	[       ]
219   	0     	      9	OVTK_StimulationId_Label_09	    661.0000	   2000.00	    0.0	    00000000     00000000	   1	[       ]
220   	0     	     12	OVTK_StimulationId_Label_12	    661.5000	    500.00	    0.0	    00000000     00000000	   1	[       ]
221   	0     	      0	OVTK_StimulationId_Label_0B	    665.0000	   3500.00	    0.0	    00000000     00000000	   1	[       ]
222   	0     	     12	OVTK_StimulationId_Label_12	    665.5000	    500.00	    0.0	    00000000     00000000	   1	[       ]
223   	0     	      8	OVTK_StimulationId_Label_08	    669.0000	   3500.00	    0.0	    00000000     00000000	   1	[       ]
224   	0     	     12	OVTK_StimulationId_Label_12	    669.5000	    500.00	    0.0	    00000000     00000000	   1	[       ]
225   	0     	      0	OVTK_StimulationId_Label_0A	    673.0000	   3500.00	    0.0	    00000000     00000000	   1	[       ]
226   	0     	     12	OVTK_StimulationId_Label_12	    673.5000	    500.00	    0.0	    00000000     00000000	   1	[       ]
227   	0     	   1999	              ""	    683.0000	   9500.00	    0.0	    00000000     00000000	   1	[       ]
228   	0     	      9	OVTK_StimulationId_Label_09	    685.0000	   2000.00	    0.0	    00000000     00000000	   1	[       ]
229   	0     	     12	OVTK_StimulationId_Label_12	    685.5000	    500.00	    0.0	    00000000     00000000	   1	[       ]
230   	0     	      8	OVTK_StimulationId_Label_08	    689.0000	   3500.00	    0.0	    00000000     00000000	   1	[       ]
231   	0     	     12	OVTK_StimulationId_Label_12	    689.5000	    500.00	    0.0	    00000000     00000000	   1	[       ]
232   	0     	      0	OVTK_StimulationId_Label_0A	    693.0000	   3500.00	    0.0	    00000000     00000000	   1	[       ]
233   	0     	     12	OVTK_StimulationId_Label_12	    693.5000	    500.00	    0.0	    00000000     00000000	   1	[       ]
234   	0     	      0	OVTK_StimulationId_Label_0B	    697.0000	   3500.00	    0.0	    00000000     00000000	   1	[       ]
235   	0     	     12	OVTK_StimulationId_Label_12	    697.5000	    500.00	    0.0	    00000000     00000000	   1	[       ]
236   	0     	   1999	              ""	    707.0000	   9500.00	    0.0	    00000000     00000000	   1	[       ]
237   	0     	      0	OVTK_StimulationId_Label_0B	    709.0000	   2000.00	    0.0	    00000000     00000000	   1	[       ]
238   	0     	     12	OVTK_StimulationId_Label_12	    709.5000	    500.00	    0.0	    00000000     00000000	   1	[       ]
239   	0     	      9	OVTK_StimulationId_Label_09	    713.0000	   3500.00	    0.0	    00000000     00000000	   1	[       ]
240   	0     	     12	OVTK_StimulationId_Label_12	    713.5000	    500.00	    0.0	    00000000     00000000	   1	[       ]
241   	0     	      8	OVTK_StimulationId_Label_08	    717.0000	   3500.00	    0.0	    00000000     00000000	   1	[       ]
242   	0     	     12	OVTK_StimulationId_Label_12	    717.5000	    500.00	    0.0	    00000000     00000000	   1	[       ]
243   	0     	      0	OVTK_StimulationId_Label_0A	    721.0000	   3500.00	    0.0	    00000000     00000000	   1	[       ]
244   	0     	     12	OVTK_StimulationId_Label_12	    721.5000	    500.00	    0.0	    00000000     00000000	   1	[       ]
245   	0     	   1999	              ""	    731.0000	   9500.00	    0.0	    00000000     00000000	   1	[       ]
246   	0     	      9	OVTK_StimulationId_Label_09	    733.0000	   2000.00	    0.0	    00000000     00000000	   1	[       ]
247   	0     	     12	OVTK_StimulationId_Label_12	    733.5000	    500.00	    0.0	    00000000     00000000	   1	[       ]
248   	0     	      8	OVTK_StimulationId_Label_08	    737.0000	   3500.00	    0.0	    00000000     00000000	   1	[       ]
249   	0     	     12	OVTK_StimulationId_Label_12	    737.5000	    500.00	    0.0	    00000000     00000000	   1	[       ]
250   	0     	      0	OVTK_StimulationId_Label_0B	    741.0000	   3500.00	    0.0	    00000000     00000000	   1	[       ]
251   	0     	     12	OVTK_StimulationId_Label_12	    741.5000	    500.00	    0.0	    00000000     00000000	   1	[       ]
252   	0     	      0	OVTK_StimulationId_Label_0A	    745.0000	   3500.00	    0.0	    00000000     00000000	   1	[       ]
253   	0     	     12	OVTK_StimulationId_Label_12	    745.5000	    500.00	    0.0	    00000000     00000000	   1	[       ]
254   	0     	   1999	              ""	    755.0000	   9500.00	    0.0	    00000000     00000000	   1	[       ]
255   	0     	      8	OVTK_StimulationId_Label_08	    757.0000	   2000.00	    0.0	    00000000     00000000	   1	[       ]
256   	0     	     12	OVTK_StimulationId_Label_12	    757.5000	    500.00	    0.0	    00000000     00000000	   1	[       ]
257   	0     	      9	OVTK_StimulationId_Label_09	    761.0000	   3500.00	    0.0	    00000000     00000000	   1	[       ]
258   	0     	     12	OVTK_StimulationId_Label_12	    761.5000	    500.00	    0.0	    00000000     00000000	   1	[       ]
259   	0     	      0	OVTK_StimulationId_Label_0B	    765.0000	   3500.00	    0.0	    00000000     00000000	   1	[       ]
260   	0     	     12	OVTK_StimulationId_Label_12	    765.5000	    500.00	    0.0	    00000000     00000000	   1	[       ]
261   	0     	      0	OVTK_StimulationId_Label_0A	    769.0000	   3500.00	    0.0	    00000000     00000000	   1	[       ]
262   	0     	     12	OVTK_StimulationId_Label_12	    769.5000	    500.00	    0.0	    00000000     00000000	   1	[       ]
263   	0     	   1999	              ""	    779.0000	   9500.00	    0.0	    00000000     00000000	   1	[       ]
264   	0     	      8	OVTK_StimulationId_Label_08	    781.0000	   2000.00	    0.0	    00000000     00000000	   1	[       ]
265   	0     	     12	OVTK_StimulationId_Label_12	    781.5000	    500.00	    0.0	    00000000     00000000	   1	[       ]
266   	0     	      0	OVTK_StimulationId_Label_0A	    785.0000	   3500.00	    0.0	    00000000     00000000	   1	[       ]
267   	0     	     12	OVTK_StimulationId_Label_12	    785.5000	    500.00	    0.0	    00000000     00000000	   1	[       ]
268   	0     	      9	OVTK_StimulationId_Label_09	    789.0000	   3500.00	    0.0	    00000000     00000000	   1	[       ]
269   	0     	     12	OVTK_StimulationId_Label_12	    789.5000	    500.00	    0.0	    00000000     00000000	   1	[       ]
270   	0     	      0	OVTK_StimulationId_Label_0B	    793.0000	   3500.00	    0.0	    00000000     00000000	   1	[       ]
271   	0     	     12	OVTK_StimulationId_Label_12	    793.5000	    500.00	    0.0	    00000000     00000000	   1	[       ]
272   	0     	   1999	              ""	    803.0000	   9500.00	    0.0	    00000000     00000000	   1	[       ]
273   	0     	      8	OVTK_StimulationId_Label_08	    805.0000	   2000.00	    0.0	    00000000     00000000	   1	[       ]
274   	0     	     12	OVTK_StimulationId_Label_12	    805.5000	    500.00	    0.0	    00000000     00000000	   1	[       ]
275   	0     	      9	OVTK_StimulationId_Label_09	    809.0000	   3500.00	    0.0	    00000000     00000000	   1	[       ]
276   	0     	     12	OVTK_StimulationId_Label_12	    809.5000	    500.00	    0.0	    00000000     00000000	   1	[       ]
277   	0     	      0	OVTK_StimulationId_Label_0A	    813.0000	   3500.00	    0.0	    00000000     00000000	   1	[       ]
278   	0     	     12	OVTK_StimulationId_Label_12	    813.5000	    500.00	    0.0	    00000000     00000000	   1	[       ]
279   	0     	      0	OVTK_StimulationId_Label_0B	    817.0000	   3500.00	    0.0	    00000000     00000000	   1	[       ]
280   	0     	     12	OVTK_StimulationId_Label_12	    817.5000	    500.00	    0.0	    00000000     00000000	   1	[       ]
281   	0     	   1999	              ""	    827.0000	   9500.00	    0.0	    00000000     00000000	   1	[       ]
282   	0     	      0	OVTK_StimulationId_Label_0B	    829.0000	   2000.00	    0.0	    00000000     00000000	   1	[       ]
283   	0     	     12	OVTK_StimulationId_Label_12	    829.5000	    500.00	    0.0	    00000000     00000000	   1	[       ]
284   	0     	      8	OVTK_StimulationId_Label_08	    833.0000	   3500.00	    0.0	    00000000     00000000	   1	[       ]
285   	0     	     12	OVTK_StimulationId_Label_12	    833.5000	    500.00	    0.0	    00000000     00000000	   1	[       ]
286   	0     	      0	OVTK_StimulationId_Label_0A	    837.0000	   3500.00	    0.0	    00000000     00000000	   1	[       ]
287   	0     	     12	OVTK_StimulationId_Label_12	    837.5000	    500.00	    0.0	    00000000     00000000	   1	[       ]
288   	0     	      9	OVTK_StimulationId_Label_09	    841.0000	   3500.00	    0.0	    00000000     00000000	   1	[       ]
289   	0     	     12	OVTK_StimulationId_Label_12	    841.5000	    500.00	    0.0	    00000000     00000000	   1	[       ]
290   	0     	   1999	              ""	    851.0000	   9500.00	    0.0	    00000000     00000000	   1	[       ]
291   	0     	      0	OVTK_StimulationId_Label_0B	    853.0000	   2000.00	    0.0	    00000000     00000000	   1	[       ]
292   	0     	     12	OVTK_StimulationId_Label_12	    853.5000	    500.00	    0.0	    00000000     00000000	   1	[       ]
293   	0     	      0	OVTK_StimulationId_Label_0A	    857.0000	   3500.00	    0.0	    00000000     00000000	   1	[       ]
294   	0     	     12	OVTK_StimulationId_Label_12	    857.5000	    500.00	    0.0	    00000000     00000000	   1	[       ]
295   	0     	      9	OVTK_StimulationId_Label_09	    861.0000	   3500.00	    0.0	    00000000     00000000	   1	[       ]
296   	0     	     12	OVTK_StimulationId_Label_12	    861.5000	    500.00	    0.0	    00000000     00000000	   1	[       ]
297   	0     	      8	OVTK_StimulationId_Label_08	    865.0000	   3500.00	    0.0	    00000000     00000000	   1	[       ]
298   	0     	     12	OVTK_StimulationId_Label_12	    865.5000	    500.00	    0.0	    00000000     00000000	   1	[       ]
299   	0     	   1999	              ""	    875.0000	   9500.00	    0.0	    00000000     00000000	   1	[       ]
300   	0     	      9	OVTK_StimulationId_Label_09	    877.0000	   2000.00	    0.0	    00000000     00000000	   1	[       ]
301   	0     	     12	OVTK_StimulationId_Label_12	    877.5000	    500.00	    0.0	    00000000     00000000	   1	[       ]
302   	0     	      0	OVTK_StimulationId_Label_0B	    881.0000	   3500.00	    0.0	    00000000     00000000	   1	[       ]
303   	0     	     12	OVTK_StimulationId_Label_12	    881.5000	    500.00	    0.0	    00000000     00000000	   1	[       ]
304   	0     	      0	OVTK_StimulationId_Label_0A	    885.0000	   3500.00	    0.0	    00000000     00000000	   1	[       ]
305   	0     	     12	OVTK_StimulationId_Label_12	    885.5000	    500.00	    0.0	    00000000     00000000	   1	[       ]
306   	0     	      8	OVTK_StimulationId_Label_08	    889.0000	   3500.00	    0.0	    00000000     00000000	   1	[       ]
307   	0     	     12	OVTK_StimulationId_Label_12	    889.5000	    500.00	    0.0	    00000000     00000000	   1	[       ]
308   	0     	   1999	              ""	    899.0000	   9500.00	    0.0	    00000000     00000000	   1	[       ]
309   	0     	      0	OVTK_StimulationId_Label_0A	    901.0000	   2000.00	    0.0	    00000000     00000000	   1	[       ]
310   	0     	     12	OVTK_StimulationId_Label_12	    901.5000	    500.00	    0.0	    00000000     00000000	   1	[       ]
311   	0     	      0	OVTK_StimulationId_Label_0B	    905.0000	   3500.00	    0.0	    00000000     00000000	   1	[       ]
312   	0     	     12	OVTK_StimulationId_Label_12	    905.5000	    500.00	    0.0	    00000000     00000000	   1	[       ]
313   	0     	      9	OVTK_StimulationId_Label_09	    909.0000	   3500.00	    0.0	    00000000     00000000	   1	[       ]
314   	0     	     12	OVTK_StimulationId_Label_12	    909.5000	    500.00	    0.0	    00000000     00000000	   1	[       ]
315   	0     	      8	OVTK_StimulationId_Label_08	    913.0000	   3500.00	    0.0	    00000000     00000000	   1	[       ]
316   	0     	     12	OVTK_StimulationId_Label_12	    913.5000	    500.00	    0.0	    00000000     00000000	   1	[       ]
317   	0     	   1999	              ""	    923.0000	   9500.00	    0.0	    00000000     00000000	   1	[       ]
318   	0     	      0	OVTK_StimulationId_Label_0B	    925.0000	   2000.00	    0.0	    00000000     00000000	   1	[       ]
319   	0     	     12	OVTK_StimulationId_Label_12	    925.5000	    500.00	    0.0	    00000000     00000000	   1	[       ]
320   	0     	      9	OVTK_StimulationId_Label_09	    929.0000	   3500.00	    0.0	    00000000     00000000	   1	[       ]
321   	0     	     12	OVTK_StimulationId_Label_12	    929.5000	    500.00	    0.0	    00000000     00000000	   1	[       ]
322   	0     	      0	OVTK_StimulationId_Label_0A	    933.0000	   3500.00	    0.0	    00000000     00000000	   1	[       ]
323   	0     	     12	OVTK_StimulationId_Label_12	    933.5000	    500.00	    0.0	    00000000     00000000	   1	[       ]
324   	0     	      8	OVTK_StimulationId_Label_08	    937.0000	   3500.00	    0.0	    00000000     00000000	   1	[       ]
325   	0     	     12	OVTK_StimulationId_Label_12	    937.5000	    500.00	    0.0	    00000000     00000000	   1	[       ]
326   	0     	   1999	              ""	    947.0000	   9500.00	    0.0	    00000000     00000000	   1	[       ]
327   	0     	      0	OVTK_StimulationId_Label_0B	    949.0000	   2000.00	    0.0	    00000000     00000000	   1	[       ]
328   	0     	     12	OVTK_StimulationId_Label_12	    949.5000	    500.00	    0.0	    00000000     00000000	   1	[       ]
329   	0     	      0	OVTK_StimulationId_Label_0A	    953.0000	   3500.00	    0.0	    00000000     00000000	   1	[       ]
330   	0     	     12	OVTK_StimulationId_Label_12	    953.5000	    500.00	    0.0	    00000000     00000000	   1	[       ]
331   	0     	      8	OVTK_StimulationId_Label_08	    957.0000	   3500.00	    0.0	    00000000     00000000	   1	[       ]
332   	0     	     12	OVTK_StimulationId_Label_12	    957.5000	    500.00	    0.0	    00000000     00000000	   1	[       ]
333   	0     	      9	OVTK_StimulationId_Label_09	    961.0000	   3500.00	    0.0	    00000000     00000000	   1	[       ]
334   	0     	     12	OVTK_StimulationId_Label_12	    961.5000	    500.00	    0.0	    00000000     00000000	   1	[       ]
335   	0     	   1999	              ""	    971.0000	   9500.00	    0.0	    00000000     00000000	   1	[       ]
336   	0     	      2	OVTK_StimulationId_Label_02	    973.0000	   2000.00	    0.0	    00000000     00000000	   1	[       ]
337   	0     	    200	              ""	    974.0000	   1000.00	    0.0	    00000000     00000000	   1	[       ]
338   	0     	      3	OVTK_StimulationId_Label_03	    977.0000	   3000.00	    0.0	    00000000     00000000	   1	[       ]
339   	0     	    200	              ""	    978.0000	   1000.00	    0.0	    00000000     00000000	   1	[       ]
340   	0     	      1	OVTK_StimulationId_Label_01	    981.0000	   3000.00	    0.0	    00000000     00000000	   1	[       ]
341   	0     	    200	              ""	    982.0000	   1000.00	    0.0	    00000000     00000000	   1	[       ]
342   	0     	      0	OVTK_StimulationId_Label_00	    985.0000	   3000.00	    0.0	    00000000     00000000	   1	[       ]
343   	0     	    200	              ""	    986.0000	   1000.00	    0.0	    00000000     00000000	   1	[       ]
344   	0     	   1999	              ""	    995.0000	   9000.00	    0.0	    00000000     00000000	   1	[       ]
345   	0     	      0	OVTK_StimulationId_Label_00	    997.0000	   2000.00	    0.0	    00000000     00000000	   1	[       ]
346   	0     	    200	              ""	    998.0000	   1000.00	    0.0	    00000000     00000000	   1	[       ]
347   	0     	      3	OVTK_StimulationId_Label_03	   1001.0000	   3000.00	    0.0	    00000000     00000000	   1	[       ]
348   	0     	    200	              ""	   1002.0000	   1000.00	    0.0	    00000000     00000000	   1	[       ]
349   	0     	      1	OVTK_StimulationId_Label_01	   1005.0000	   3000.00	    0.0	    00000000     00000000	   1	[       ]
350   	0     	    200	              ""	   1006.0000	   1000.00	    0.0	    00000000     00000000	   1	[       ]
351   	0     	      2	OVTK_StimulationId_Label_02	   1009.0000	   3000.00	    0.0	    00000000     00000000	   1	[       ]
352   	0     	    200	              ""	   1010.0000	   1000.00	    0.0	    00000000     00000000	   1	[       ]
353   	0     	   1999	              ""	   1019.0000	   9000.00	    0.0	    00000000     00000000	   1	[       ]
354   	0     	      0	OVTK_StimulationId_Label_00	   1021.0000	   2000.00	    0.0	    00000000     00000000	   1	[       ]
355   	0     	    200	              ""	   1022.0000	   1000.00	    0.0	    00000000     00000000	   1	[       ]
356   	0     	      2	OVTK_StimulationId_Label_02	   1025.0000	   3000.00	    0.0	    00000000     00000000	   1	[       ]
357   	0     	    200	              ""	   1026.0000	   1000.00	    0.0	    00000000     00000000	   1	[       ]
358   	0     	      3	OVTK_StimulationId_Label_03	   1029.0000	   3000.00	    0.0	    00000000     00000000	   1	[       ]
359   	0     	    200	              ""	   1030.0000	   1000.00	    0.0	    00000000     00000000	   1	[       ]
360   	0     	      1	OVTK_StimulationId_Label_01	   1033.0000	   3000.00	    0.0	    00000000     00000000	   1	[       ]
361   	0     	    200	              ""	   1034.0000	   1000.00	    0.0	    00000000     00000000	   1	[       ]
362   	0     	   1999	              ""	   1043.0000	   9000.00	    0.0	    00000000     00000000	   1	[       ]
363   	0     	      3	OVTK_StimulationId_Label_03	   1045.0000	   2000.00	    0.0	    00000000     00000000	   1	[       ]
364   	0     	    200	              ""	   1046.0000	   1000.00	    0.0	    00000000     00000000	   1	[       ]
365   	0     	      0	OVTK_StimulationId_Label_00	   1049.0000	   3000.00	    0.0	    00000000     00000000	   1	[       ]
366   	0     	    200	              ""	   1050.0000	   1000.00	    0.0	    00000000     00000000	   1	[       ]
367   	0     	      1	OVTK_StimulationId_Label_01	   1053.0000	   3000.00	    0.0	    00000000     00000000	   1	[       ]
368   	0     	    200	              ""	   1054.0000	   1000.00	    0.0	    00000000     00000000	   1	[       ]
369   	0     	      2	OVTK_StimulationId_Label_02	   1057.0000	   3000.00	    0.0	    00000000     00000000	   1	[       ]
370   	0     	    200	              ""	   1058.0000	   1000.00	    0.0	    00000000     00000000	   1	[       ]
371   	0     	   1999	              ""	   1067.0000	   9000.00	    0.0	    00000000     00000000	   1	[       ]
372   	0     	      2	OVTK_StimulationId_Label_02	   1069.0000	   2000.00	    0.0	    00000000     00000000	   1	[       ]
373   	0     	    200	              ""	   1070.0000	   1000.00	    0.0	    00000000     00000000	   1	[       ]
374   	0     	      0	OVTK_StimulationId_Label_00	   1073.0000	   3000.00	    0.0	    00000000     00000000	   1	[       ]
375   	0     	    200	              ""	   1074.0000	   1000.00	    0.0	    00000000     00000000	   1	[       ]
376   	0     	      1	OVTK_StimulationId_Label_01	   1077.0000	   3000.00	    0.0	    00000000     00000000	   1	[       ]
377   	0     	    200	              ""	   1078.0000	   1000.00	    0.0	    00000000     00000000	   1	[       ]
378   	0     	      3	OVTK_StimulationId_Label_03	   1081.0000	   3000.00	    0.0	    00000000     00000000	   1	[       ]
379   	0     	    200	              ""	   1082.0000	   1000.00	    0.0	    00000000     00000000	   1	[       ]
380   	0     	   1999	              ""	   1091.0000	   9000.00	    0.0	    00000000     00000000	   1	[       ]
381   	0     	      0	OVTK_StimulationId_Label_00	   1093.0000	   2000.00	    0.0	    00000000     00000000	   1	[       ]
382   	0     	    200	              ""	   1094.0000	   1000.00	    0.0	    00000000     00000000	   1	[       ]
383   	0     	      1	OVTK_StimulationId_Label_01	   1097.0000	   3000.00	    0.0	    00000000     00000000	   1	[       ]
384   	0     	    200	              ""	   1098.0000	   1000.00	    0.0	    00000000     00000000	   1	[       ]
385   	0     	      2	OVTK_StimulationId_Label_02	   1101.0000	   3000.00	    0.0	    00000000     00000000	   1	[       ]
386   	0     	    200	              ""	   1102.0000	   1000.00	    0.0	    00000000     00000000	   1	[       ]
387   	0     	      3	OVTK_StimulationId_Label_03	   1105.0000	   3000.00	    0.0	    00000000     00000000	   1	[       ]
388   	0     	    200	              ""	   1106.0000	   1000.00	    0.0	    00000000     00000000	   1	[       ]
389   	0     	   1999	              ""	   1115.0000	   9000.00	    0.0	    00000000     00000000	   1	[       ]
390   	0     	      1	OVTK_StimulationId_Label_01	   1117.0000	   2000.00	    0.0	    00000000     00000000	   1	[       ]
391   	0     	    200	              ""	   1118.0000	   1000.00	    0.0	    00000000     00000000	   1	[       ]
392   	0     	      3	OVTK_StimulationId_Label_03	   1121.0000	   3000.00	    0.0	    00000000     00000000	   1	[       ]
393   	0     	    200	              ""	   1122.0000	   1000.00	    0.0	    00000000     00000000	   1	[       ]
394   	0     	      0	OVTK_StimulationId_Label_00	   1125.0000	   3000.00	    0.0	    00000000     00000000	   1	[       ]
395   	0     	    200	              ""	   1126.0000	   1000.00	    0.0	    00000000     00000000	   1	[       ]
396   	0     	      2	OVTK_StimulationId_Label_02	   1129.0000	   3000.00	    0.0	    00000000     00000000	   1	[       ]
397   	0     	    200	              ""	   1130.0000	   1000.00	    0.0	    00000000     00000000	   1	[       ]
398   	0     	   1999	              ""	   1139.0000	   9000.00	    0.0	    00000000     00000000	   1	[       ]
399   	0     	      0	OVTK_StimulationId_Label_00	   1141.0000	   2000.00	    0.0	    00000000     00000000	   1	[       ]
400   	0     	    200	              ""	   1142.0000	   1000.00	    0.0	    00000000     00000000	   1	[       ]
401   	0     	      2	OVTK_StimulationId_Label_02	   1145.0000	   3000.00	    0.0	    00000000     00000000	   1	[       ]
402   	0     	    200	              ""	   1146.0000	   1000.00	    0.0	    00000000     00000000	   1	[       ]
403   	0     	      1	OVTK_StimulationId_Label_01	   1149.0000	   3000.00	    0.0	    00000000     00000000	   1	[       ]
404   	0     	    200	              ""	   1150.0000	   1000.00	    0.0	    00000000     00000000	   1	[       ]
405   	0     	      3	OVTK_StimulationId_Label_03	   1153.0000	   3000.00	    0.0	    00000000     00000000	   1	[       ]
406   	0     	    200	              ""	   1154.0000	   1000.00	    0.0	    00000000     00000000	   1	[       ]
407   	0     	   1999	              ""	   1163.0000	   9000.00	    0.0	    00000000     00000000	   1	[       ]
408   	0     	      3	OVTK_StimulationId_Label_03	   1165.0000	   2000.00	    0.0	    00000000     00000000	   1	[       ]
409   	0     	    200	              ""	   1166.0000	   1000.00	    0.0	    00000000     00000000	   1	[       ]
410   	0     	      1	OVTK_StimulationId_Label_01	   1169.0000	   3000.00	    0.0	    00000000     00000000	   1	[       ]
411   	0     	    200	              ""	   1170.0000	   1000.00	    0.0	    00000000     00000000	   1	[       ]
412   	0     	      2	OVTK_StimulationId_Label_02	   1173.0000	   3000.00	    0.0	    00000000     00000000	   1	[       ]
413   	0     	    200	              ""	   1174.0000	   1000.00	    0.0	    00000000     00000000	   1	[       ]
414   	0     	      0	OVTK_StimulationId_Label_00	   1177.0000	   3000.00	    0.0	    00000000     00000000	   1	[       ]
415   	0     	    200	              ""	   1178.0000	   1000.00	    0.0	    00000000     00000000	   1	[       ]
416   	0     	   1999	              ""	   1187.0000	   9000.00	    0.0	    00000000     00000000	   1	[       ]
417   	0     	      2	OVTK_StimulationId_Label_02	   1189.0000	   2000.00	    0.0	    00000000     00000000	   1	[       ]
418   	0     	    200	              ""	   1190.0000	   1000.00	    0.0	    00000000     00000000	   1	[       ]
419   	0     	      1	OVTK_StimulationId_Label_01	   1193.0000	   3000.00	    0.0	    00000000     00000000	   1	[       ]
420   	0     	    200	              ""	   1194.0000	   1000.00	    0.0	    00000000     00000000	   1	[       ]
421   	0     	      0	OVTK_StimulationId_Label_00	   1197.0000	   3000.00	    0.0	    00000000     00000000	   1	[       ]
422   	0     	    200	              ""	   1198.0000	   1000.00	    0.0	    00000000     00000000	   1	[       ]
423   	0     	      3	OVTK_StimulationId_Label_03	   1201.0000	   3000.00	    0.0	    00000000     00000000	   1	[       ]
424   	0     	    200	              ""	   1202.0000	   1000.00	    0.0	    00000000     00000000	   1	[       ]
425   	0     	   1999	              ""	   1211.0000	   9000.00	    0.0	    00000000     00000000	   1	[       ]
426   	0     	      2	OVTK_StimulationId_Label_02	   1213.0000	   2000.00	    0.0	    00000000     00000000	   1	[       ]
427   	0     	    200	              ""	   1214.0000	   1000.00	    0.0	    00000000     00000000	   1	[       ]
428   	0     	      3	OVTK_StimulationId_Label_03	   1217.0000	   3000.00	    0.0	    00000000     00000000	   1	[       ]
429   	0     	    200	              ""	   1218.0000	   1000.00	    0.0	    00000000     00000000	   1	[       ]
430   	0     	      0	OVTK_StimulationId_Label_00	   1221.0000	   3000.00	    0.0	    00000000     00000000	   1	[       ]
431   	0     	    200	              ""	   1222.0000	   1000.00	    0.0	    00000000     00000000	   1	[       ]
432   	0     	      1	OVTK_StimulationId_Label_01	   1225.0000	   3000.00	    0.0	    00000000     00000000	   1	[       ]
433   	0     	    200	              ""	   1226.0000	   1000.00	    0.0	    00000000     00000000	   1	[       ]
434   	0     	   1999	              ""	   1235.0000	   9000.00	    0.0	    00000000     00000000	   1	[       ]
435   	0     	      1	OVTK_StimulationId_Label_01	   1237.0000	   2000.00	    0.0	    00000000     00000000	   1	[       ]
436   	0     	    200	              ""	   1238.0000	   1000.00	    0.0	    00000000     00000000	   1	[       ]
437   	0     	      2	OVTK_StimulationId_Label_02	   1241.0000	   3000.00	    0.0	    00000000     00000000	   1	[       ]
438   	0     	    200	              ""	   1242.0000	   1000.00	    0.0	    00000000     00000000	   1	[       ]
439   	0     	      3	OVTK_StimulationId_Label_03	   1245.0000	   3000.00	    0.0	    00000000     00000000	   1	[       ]
440   	0     	    200	              ""	   1246.0000	   1000.00	    0.0	    00000000     00000000	   1	[       ]
441   	0     	      0	OVTK_StimulationId_Label_00	   1249.0000	   3000.00	    0.0	    00000000     00000000	   1	[       ]
442   	0     	    200	              ""	   1250.0000	   1000.00	    0.0	    00000000     00000000	   1	[       ]
443   	0     	   1999	              ""	   1259.0000	   9000.00	    0.0	    00000000     00000000	   1	[       ]
444   	0     	      0	OVTK_StimulationId_Label_00	   1261.0000	   2000.00	    0.0	    00000000     00000000	   1	[       ]
445   	0     	    200	              ""	   1262.0000	   1000.00	    0.0	    00000000     00000000	   1	[       ]
446   	0     	      3	OVTK_StimulationId_Label_03	   1265.0000	   3000.00	    0.0	    00000000     00000000	   1	[       ]
447   	0     	    200	              ""	   1266.0000	   1000.00	    0.0	    00000000     00000000	   1	[       ]
448   	0     	      2	OVTK_StimulationId_Label_02	   1269.0000	   3000.00	    0.0	    00000000     00000000	   1	[       ]
449   	0     	    200	              ""	   1270.0000	   1000.00	    0.0	    00000000     00000000	   1	[       ]
450   	0     	      1	OVTK_StimulationId_Label_01	   1273.0000	   3000.00	    0.0	    00000000     00000000	   1	[       ]
451   	0     	    200	              ""	   1274.0000	   1000.00	    0.0	    00000000     00000000	   1	[       ]
452   	0     	   1999	              ""	   1283.0000	   9000.00	    0.0	    00000000     00000000	   1	[       ]
453   	0     	      2	OVTK_StimulationId_Label_02	   1285.0000	   2000.00	    0.0	    00000000     00000000	   1	[       ]
454   	0     	    200	              ""	   1286.0000	   1000.00	    0.0	    00000000     00000000	   1	[       ]
455   	0     	      0	OVTK_StimulationId_Label_00	   1289.0000	   3000.00	    0.0	    00000000     00000000	   1	[       ]
456   	0     	    200	              ""	   1290.0000	   1000.00	    0.0	    00000000     00000000	   1	[       ]
457   	0     	      3	OVTK_StimulationId_Label_03	   1293.0000	   3000.00	    0.0	    00000000     00000000	   1	[       ]
458   	0     	    200	              ""	   1294.0000	   1000.00	    0.0	    00000000     00000000	   1	[       ]
459   	0     	      1	OVTK_StimulationId_Label_01	   1297.0000	   3000.00	    0.0	    00000000     00000000	   1	[       ]
460   	0     	    200	              ""	   1298.0000	   1000.00	    0.0	    00000000     00000000	   1	[       ]
461   	0     	   1999	              ""	   1307.0000	   9000.00	    0.0	    00000000     00000000	   1	[       ]
462   	0     	      3	OVTK_StimulationId_Label_03	   1309.0000	   2000.00	    0.0	    00000000     00000000	   1	[       ]
463   	0     	    200	              ""	   1310.0000	   1000.00	    0.0	    00000000     00000000	   1	[       ]
464   	0     	      0	OVTK_StimulationId_Label_00	   1313.0000	   3000.00	    0.0	    00000000     00000000	   1	[       ]
465   	0     	    200	              ""	   1314.0000	   1000.00	    0.0	    00000000     00000000	   1	[       ]
466   	0     	      2	OVTK_StimulationId_Label_02	   1317.0000	   3000.00	    0.0	    00000000     00000000	   1	[       ]
467   	0     	    200	              ""	   1318.0000	   1000.00	    0.0	    00000000     00000000	   1	[       ]
468   	0     	      1	OVTK_StimulationId_Label_01	   1321.0000	   3000.00	    0.0	    00000000     00000000	   1	[       ]
469   	0     	    200	              ""	   1322.0000	   1000.00	    0.0	    00000000     00000000	   1	[       ]
470   	0     	   1999	              ""	   1331.0000	   9000.00	    0.0	    00000000     00000000	   1	[       ]
471   	0     	      3	OVTK_StimulationId_Label_03	   1333.0000	   2000.00	    0.0	    00000000     00000000	   1	[       ]
472   	0     	    200	              ""	   1334.0000	   1000.00	    0.0	    00000000     00000000	   1	[       ]
473   	0     	      1	OVTK_StimulationId_Label_01	   1337.0000	   3000.00	    0.0	    00000000     00000000	   1	[       ]
474   	0     	    200	              ""	   1338.0000	   1000.00	    0.0	    00000000     00000000	   1	[       ]
475   	0     	      0	OVTK_StimulationId_Label_00	   1341.0000	   3000.00	    0.0	    00000000     00000000	   1	[       ]
476   	0     	    200	              ""	   1342.0000	   1000.00	    0.0	    00000000     00000000	   1	[       ]
477   	0     	      2	OVTK_StimulationId_Label_02	   1345.0000	   3000.00	    0.0	    00000000     00000000	   1	[       ]
478   	0     	    200	              ""	   1346.0000	   1000.00	    0.0	    00000000     00000000	   1	[       ]
479   	0     	   1999	              ""	   1355.0000	   9000.00	    0.0	    00000000     00000000	   1	[       ]
480   	0     	      1	OVTK_StimulationId_Label_01	   1357.0000	   2000.00	    0.0	    00000000     00000000	   1	[       ]
481   	0     	    200	              ""	   1358.0000	   1000.00	    0.0	    00000000     00000000	   1	[       ]
482   	0     	      2	OVTK_StimulationId_Label_02	   1361.0000	   3000.00	    0.0	    00000000     00000000	   1	[       ]
483   	0     	    200	              ""	   1362.0000	   1000.00	    0.0	    00000000     00000000	   1	[       ]
484   	0     	      0	OVTK_StimulationId_Label_00	   1365.0000	   3000.00	    0.0	    00000000     00000000	   1	[       ]
485   	0     	    200	              ""	   1366.0000	   1000.00	    0.0	    00000000     00000000	   1	[       ]
486   	0     	      3	OVTK_StimulationId_Label_03	   1369.0000	   3000.00	    0.0	    00000000     00000000	   1	[       ]
487   	0     	    200	              ""	   1370.0000	   1000.00	    0.0	    00000000     00000000	   1	[       ]
488   	0     	   1999	              ""	   1379.0000	   9000.00	    0.0	    00000000     00000000	   1	[       ]
489   	0     	      3	OVTK_StimulationId_Label_03	   1381.0000	   2000.00	    0.0	    00000000     00000000	   1	[       ]
490   	0     	    200	              ""	   1382.0000	   1000.00	    0.0	    00000000     00000000	   1	[       ]
491   	0     	      2	OVTK_StimulationId_Label_02	   1385.0000	   3000.00	    0.0	    00000000     00000000	   1	[       ]
492   	0     	    200	              ""	   1386.0000	   1000.00	    0.0	    00000000     00000000	   1	[       ]
493   	0     	      1	OVTK_StimulationId_Label_01	   1389.0000	   3000.00	    0.0	    00000000     00000000	   1	[       ]
494   	0     	    200	              ""	   1390.0000	   1000.00	    0.0	    00000000     00000000	   1	[       ]
495   	0     	      0	OVTK_StimulationId_Label_00	   1393.0000	   3000.00	    0.0	    00000000     00000000	   1	[       ]
496   	0     	    200	              ""	   1394.0000	   1000.00	    0.0	    00000000     00000000	   1	[       ]
497   	0     	   1999	              ""	   1403.0000	   9000.00	    0.0	    00000000     00000000	   1	[       ]
498   	0     	      1	OVTK_StimulationId_Label_01	   1405.0000	   2000.00	    0.0	    00000000     00000000	   1	[       ]
499   	0     	    200	              ""	   1406.0000	   1000.00	    0.0	    00000000     00000000	   1	[       ]
500   	0     	      3	OVTK_StimulationId_Label_03	   1409.0000	   3000.00	    0.0	    00000000     00000000	   1	[       ]
501   	0     	    200	              ""	   1410.0000	   1000.00	    0.0	    00000000     00000000	   1	[       ]
502   	0     	      2	OVTK_StimulationId_Label_02	   1413.0000	   3000.00	    0.0	    00000000     00000000	   1	[       ]
503   	0     	    200	              ""	   1414.0000	   1000.00	    0.0	    00000000     00000000	   1	[       ]
504   	0     	      0	OVTK_StimulationId_Label_00	   1417.0000	   3000.00	    0.0	    00000000     00000000	   1	[       ]
505   	0     	    200	              ""	   1418.0000	   1000.00	    0.0	    00000000     00000000	   1	[       ]
506   	0     	   1999	              ""	   1427.0000	   9000.00	    0.0	    00000000     00000000	   1	[       ]
507   	0     	      3	OVTK_StimulationId_Label_03	   1429.0000	   2000.00	    0.0	    00000000     00000000	   1	[       ]
508   	0     	    200	              ""	   1430.0000	   1000.00	    0.0	    00000000     00000000	   1	[       ]
509   	0     	      2	OVTK_StimulationId_Label_02	   1433.0000	   3000.00	    0.0	    00000000     00000000	   1	[       ]
510   	0     	    200	              ""	   1434.0000	   1000.00	    0.0	    00000000     00000000	   1	[       ]
511   	0     	      0	OVTK_StimulationId_Label_00	   1437.0000	   3000.00	    0.0	    00000000     00000000	   1	[       ]
512   	0     	    200	              ""	   1438.0000	   1000.00	    0.0	    00000000     00000000	   1	[       ]
513   	0     	      1	OVTK_StimulationId_Label_01	   1441.0000	   3000.00	    0.0	    00000000     00000000	   1	[       ]
514   	0     	    200	              ""	   1442.0000	   1000.00	    0.0	    00000000     00000000	   1	[       ]
515   	0     	    -88	OVTK_StimulationId_ExperimentStop	   1500.0000	  58000.00	    0.0	    00000000     00000000	   1	[       ]
516   	0     	    -88	OVTK_StimulationId_ExperimentStop	   1500.0000	      0.00	    0.0	    00000000     00000000	   1	[       ]
